# Created by Octave 3.8.2, Sun May 24 04:47:01 2015 Mitteleuropäische Sommerzeit <unknown@MINT-PC>
# name: BIPproKopf
# type: matrix
# rows: 163
# columns: 1
 777.5786239305941
 4424.465218691292
 5460.759493670887
 62378.97828431818
 5085.447618433615
 14137.55142244626
 11235.28660854458
 3450.678522844155
 62573.59125315391
 48707.72995986944
 7923.485875117273
 21541.96733763767
 885.7384733962574
 14954.38596491228
 7303.027106845269
 45143.33275058042
 4561.171805995558
 810.35407402869
 2809.90646818601
 4976.761924052556
 7669.499393551497
 10728.50991284923
 7411.315740406314
 657.4349716598374
 272.3989337352948
 1015.24444054676
 1367.551620045894
 51116.57219717261
 426.8165729752238
 998.8240482140233
 16199.78933054218
 6814.496691353696
 7679.187986189109
 10163.14242436305
 13858.0424683156
 6449.56175094094
 25384.61538461538
 18484.99873081695
 57299.70502048248
 1621.111111111111
 6943.178152132748
 5710.972747184092
 5913.060353192315
 2966.787829375729
 3853.940798970199
 11944.05594405594
 510.2404274265361
 18502.54371873695
 525.5561269741827
 4909.343581888736
 47394.90508421724
 41431.57512592839
 11404.91147915477
 44399.13500154464
 1684.348754042298
 22133.09348689376
 7848.792195726231
 3409.951808334137
 615.6757210386855
 4043.37930111126
 759.4517467710929
 2163.869319255652
 39798.46092427141
 13260.2294649203
 44333.02947432391
 1315.431906706734
 3395.812366393866
 6160.332171332114
 32776.0483648033
 34019.39944738217
 5294.351600134069
 39453.15577968639
 5076.160277973397
 12941.79930716201
 1180.902265289097
 1625.008218972206
 54919.31755634431
 1227.120829163203
 15291.68973674938
 10596.97855750487
 1158.962264150943
 439.0406395736176
 11226.84818743074
 136820.9793952368
 16000.3781720724
 112737.4301675978
 482.0950228976823
 225.806417991039
 10265.1726743995
 6651.897695571653
 699.3050003075219
 22429.14637127866
 3441.143957493849
 1151.778400368966
 9435.398443397124
 10966.41512641355
 3697.629500843252
 7286.755942060775
 3143.604314524931
 570.1978679885825
 5820.895310487976
 11999.20666402221
 689.7805199703944
 42701.74401418859
 39554.98350201171
 1838.849610467097
 379.0741125181648
 2735.351972232363
 99848.9682724967
 19719.02494895792
 1246.13382370763
 10573.65676283431
 10791.2350305486
 2176.116780428465
 4363.591086965399
 6750.847780324139
 2688.217174764732
 13353.60149672591
 20911.02857945461
 91301.35058304759
 9472.165222642016
 700.1979013886743
 13945.45454545455
 7443.243243243243
 6807.339449541284
 3753.593866467895
 56909.32934825704
 22794.02531954622
 1137.043752866205
 6111.861334627347
 14130.22935218846
 49125.18054006618
 17884.84747984312
 22659.85677150762
 1890.446964275885
 213.2518205520093
 6553.460982926558
 29183.85100843441
 3211.425890355746
 1365.933544549155
 9376.831046689467
 3401.005025125628
 56594.33152405766
 78692.5971479718
 1019.032798659325
 6174.72199118997
 599.4979779668108
 4619.765234571727
 20428.92458616932
 4405.08819554731
 10577.13415626131
 8536.934449140414
 648.3667913070539
 4089.871369467211
 40722.56447739375
 38425.92592592593
 52144.73282061837
 16776.38932503454
 1809.607513904922
 3128.636851412421
 1690.938511326861
 1437.258403744885
 807.7813391411373


# name: Lebenserwartung
# type: matrix
# rows: 163
# columns: 1
 60
 74
 73.12
 84.2
 52
 75.8
 76
 74.40000000000001
 83
 81.5
 71.5
 77
 70
 78.5
 72.5
 81
 77
 59
 70.8
 76
 66
 76.2
 74.5
 56.5
 53
 66
 61.5
 82.5
 48.5
 51
 79.5
 76
 74.59999999999999
 79.8
 77.5
 79.40000000000001
 81.2
 78
 79.5
 61
 77.5
 73.2
 76
 73.2
 74.59999999999999
 54
 61.5
 76.09999999999999
 60.5
 73
 81
 82.3
 64
 81
 66
 81
 76.5
 71.5
 55
 70.5
 63
 74
 83.8
 75
 83.3
 65
 72
 68.5
 82.09999999999999
 83.09999999999999
 74.8
 84.59999999999999
 74.59999999999999
 68
 60
 68
 78.2
 69
 74.5
 80.5
 51
 59
 74.5
 80.7
 75.90000000000001
 82
 66
 58
 75.7
 77.2
 51
 81
 73.5
 59.5
 75.2
 77.2
 69
 74.5
 76.51000000000001
 52.5
 67.2
 73
 69
 81.5
 81.7
 74.5
 56
 53
 81.90000000000001
 76
 67
 74
 77.8
 67.5
 74.7
 74.7
 73
 77.5
 80
 75.5
 74
 60
 75.09999999999999
 75.5
 76
 74
 83.5
 74.3
 64
 74
 74.7
 84
 76.3
 80
 73
 50
 61
 82.5
 74.7
 63
 74.5
 50
 83
 82.8
 68
 74.90000000000001
 57
 74.5
 74.8
 74.59999999999999
 74.40000000000001
 66.5
 56
 68.25
 79.2
 81
 79.8
 77.3
 68.5
 72
 64
 55.5
 54


# name: Lifespan
# type: matrix
# rows: 163
# columns: 1
 0.7092198581560284
 0.8747044917257684
 0.8643026004728134
 0.9952718676122932
 0.6146572104018913
 0.8959810874704492
 0.8983451536643027
 0.8794326241134753
 0.9810874704491727
 0.963356973995272
 0.8451536643026005
 0.9101654846335698
 0.8274231678486998
 0.9278959810874705
 0.8569739952718677
 0.9574468085106383
 0.9101654846335698
 0.6973995271867612
 0.8368794326241135
 0.8983451536643027
 0.7801418439716312
 0.9007092198581561
 0.880614657210402
 0.6678486997635934
 0.6264775413711584
 0.7801418439716312
 0.7269503546099291
 0.975177304964539
 0.5732860520094563
 0.6028368794326242
 0.9397163120567377
 0.8983451536643027
 0.8817966903073285
 0.9432624113475178
 0.9160756501182034
 0.938534278959811
 0.9598108747044918
 0.921985815602837
 0.9397163120567377
 0.7210401891252955
 0.9160756501182034
 0.8652482269503547
 0.8983451536643027
 0.8652482269503547
 0.8817966903073285
 0.6382978723404256
 0.7269503546099291
 0.8995271867612293
 0.715130023640662
 0.8628841607565012
 0.9574468085106383
 0.9728132387706856
 0.756501182033097
 0.9574468085106383
 0.7801418439716312
 0.9574468085106383
 0.9042553191489362
 0.8451536643026005
 0.6501182033096927
 0.8333333333333334
 0.7446808510638299
 0.8747044917257684
 0.9905437352245863
 0.8865248226950355
 0.9846335697399528
 0.7683215130023641
 0.851063829787234
 0.8096926713947991
 0.9704491725768322
 0.9822695035460993
 0.8841607565011821
 1
 0.8817966903073285
 0.8037825059101655
 0.7092198581560284
 0.8037825059101655
 0.9243498817966904
 0.8156028368794327
 0.880614657210402
 0.9515366430260048
 0.6028368794326242
 0.6973995271867612
 0.880614657210402
 0.9539007092198583
 0.897163120567376
 0.9692671394799055
 0.7801418439716312
 0.6855791962174942
 0.8947990543735226
 0.9125295508274233
 0.6028368794326242
 0.9574468085106383
 0.8687943262411348
 0.7033096926713949
 0.888888888888889
 0.9125295508274233
 0.8156028368794327
 0.880614657210402
 0.904373522458629
 0.6205673758865249
 0.7943262411347518
 0.8628841607565012
 0.8156028368794327
 0.963356973995272
 0.9657210401891254
 0.880614657210402
 0.6619385342789599
 0.6264775413711584
 0.9680851063829788
 0.8983451536643027
 0.7919621749408984
 0.8747044917257684
 0.9196217494089834
 0.797872340425532
 0.8829787234042554
 0.8829787234042554
 0.8628841607565012
 0.9160756501182034
 0.9456264775413712
 0.892434988179669
 0.8747044917257684
 0.7092198581560284
 0.8877068557919622
 0.892434988179669
 0.8983451536643027
 0.8747044917257684
 0.9869976359338062
 0.8782505910165485
 0.756501182033097
 0.8747044917257684
 0.8829787234042554
 0.9929078014184398
 0.9018912529550828
 0.9456264775413712
 0.8628841607565012
 0.591016548463357
 0.7210401891252955
 0.975177304964539
 0.8829787234042554
 0.7446808510638299
 0.880614657210402
 0.591016548463357
 0.9810874704491727
 0.9787234042553192
 0.8037825059101655
 0.8853427895981089
 0.673758865248227
 0.880614657210402
 0.8841607565011821
 0.8817966903073285
 0.8794326241134753
 0.7860520094562649
 0.6619385342789599
 0.8067375886524824
 0.9361702127659576
 0.9574468085106383
 0.9432624113475178
 0.9137115839243499
 0.8096926713947991
 0.851063829787234
 0.756501182033097
 0.6560283687943262
 0.6382978723404256


# name: ans
# type: matrix
# rows: 1
# columns: 10
 0.4680917451270447 0.9490763516810603 0.4481794541366 0.1350374659928696 0.5175600522491878 0.5516078674671763 0.2319094517518213 0.7768356704748939 0.1377794093696192 0.0524704927738127


# name: best
# type: matrix
# rows: 1
# columns: 3
 1 2 3


# name: gdppp
# type: matrix
# rows: 163
# columns: 1
 0.005683182706099413
 0.032337622769899
 0.03991171176970097
 0.4559167648122375
 0.03716862458456174
 0.1033288278225732
 0.08211669480956597
 0.02522039045544418
 0.4573391560982519
 0.355996062702977
 0.05791133720968756
 0.1574463757886798
 0.006473703647725042
 0.1092989249968261
 0.05337651534965925
 0.3299445227633855
 0.03333678669862195
 0.005922732592695511
 0.02053710242834171
 0.03637426033675806
 0.05605499556757666
 0.07841275482948869
 0.05416797755114101
 0.004805074299027601
 0.001990914952804218
 0.007420239535152046
 0.009995189524958936
 0.3736018585973676
 0.003119525783705088
 0.00730022583253629
 0.1184013548371526
 0.04980593415918006
 0.05612580775354724
 0.07428058525297225
 0.1012859470058584
 0.04713869012960355
 0.1855316011975507
 0.1351035404988518
 0.4187932674780814
 0.01184841037008062
 0.05074644387741067
 0.04174047556469186
 0.04321749763324796
 0.02168372016111304
 0.02816776210786551
 0.08729696276733241
 0.003729255774091464
 0.1352317736689223
 0.003841195475264073
 0.03588151176514415
 0.3464008611377271
 0.3028159519765194
 0.08335645256718438
 0.3245053148851405
 0.0123106029607981
 0.1617668107970311
 0.05736541450308806
 0.02492272620329488
 0.004499863425624032
 0.02955233414483234
 0.005550696611937364
 0.01581533277148127
 0.2908798131703546
 0.09691663897986924
 0.3240221614424965
 0.0096142558876649
 0.02481938355801658
 0.04502476300463155
 0.2395542592201642
 0.248641689291741
 0.03869546632055744
 0.2883560397979426
 0.03710074507879246
 0.09458929006623203
 0.008631002865999132
 0.01187689363250368
 0.4013954424174823
 0.008968806060205146
 0.1117642177708438
 0.07745141574299963
 0.008470647332548554
 0.003208869294125971
 0.08205501990304846
 1
 0.1169438944436428
 0.8239776580017854
 0.003523546060177271
 0.001650378611446338
 0.07502630605169359
 0.04861752726061268
 0.005111094829159417
 0.1639306082328737
 0.02515070402729222
 0.008418141760568794
 0.0689616350146197
 0.08015156136790035
 0.02702531086378102
 0.05325759232443011
 0.02297604013960428
 0.004167473953986569
 0.04254387986562403
 0.08770004948846276
 0.00504148211056007
 0.3120993885801345
 0.2891002803579459
 0.01343982201117845
 0.002770584702680192
 0.01999219698852404
 0.7297782015144145
 0.1441228168086363
 0.009107768627411332
 0.0772809609284409
 0.07887120146520657
 0.01590484726865084
 0.03189270465869293
 0.04934073568369119
 0.01964769720730648
 0.09759907841436483
 0.1528349575619438
 0.6673051968097963
 0.06923035681011776
 0.00511762088302264
 0.1019248262005939
 0.05440132994328183
 0.04975362316240129
 0.0274343443751037
 0.4159400817023989
 0.166597443025903
 0.008310448864582456
 0.04467049835224408
 0.1032753121242486
 0.3590471341252246
 0.1307171426406684
 0.1656168291709837
 0.01381693781634849
 0.001558619310390884
 0.04789807098219548
 0.2132995329914324
 0.0234717358737716
 0.009983363301349878
 0.06853357641595646
 0.02485733576940049
 0.4136378190991658
 0.5751500792919433
 0.007447927965167019
 0.04512993561720501
 0.004381623202937555
 0.0337650355595434
 0.1493113459388124
 0.03219599958294601
 0.07730637657333958
 0.06239492281720659
 0.0047387965951779
 0.02989213633424402
 0.2976339203051446
 0.2808482010271566
 0.3811165001968528
 0.1226156207855546
 0.01322609677188088
 0.02286664563608101
 0.01235876631493933
 0.01050466390532884
 0.005903928934814062


# name: nations
# type: matrix
# rows: 163
# columns: 7
 1 0 0 20650 60 0.431 26556800
 2 0 0 12800 74 0.98 2893005
 3 0 0 215700 73.12 0.918 39500000
 4 0 0 4800 84.2 1 76949
 5 0 0 124000 52 0.826 24383301
 6 0 0 1220 75.8 0.984 86295
 7 0 0 484600 76 0.978 43131966
 8 0 0 10400 74.40000000000001 0.997 3013900
 9 0 0 1488000 83 0.96 23780000
 10 0 0 417900 81.5 0.98 8579747
 11 0 0 76010 71.5 0.999 9593000
 12 0 0 28360 77 0.961 1316500
 13 0 0 140200 70 0.62 158286000
 14 0 0 4262 78.5 0.997 285000
 15 0 0 69240 72.5 0.998 9481000
 16 0 0 507400 81 0.99 11239755
 17 0 0 1637 77 0.767 358899
 18 0 0 8359 59 0.552 10315244
 19 0 0 2133 70.8 0.65 759100
 20 0 0 18870 76 0.998 3791622
 21 0 0 15530 66 0.846 2024904
 22 0 0 2190000 76.2 0.958 204129000
 23 0 0 53700 74.5 0.987 7245677
 24 0 0 12130 56.5 0.367 18450494
 25 0 0 2676 53 0.729 9823827
 26 0 0 15640 66 0.828 15405157
 27 0 0 27880 61.5 0.783 20386799
 28 0 0 1825000 82.5 0.99 35702707
 29 0 0 2050 48.5 0.696 4803000
 30 0 0 13590 51 0.456 13606000
 31 0 0 291700 79.5 0.986 18006407
 32 0 0 9330000 76 0.975 1369140000
 33 0 0 369200 74.59999999999999 0.9350000000000001 48078000
 34 0 0 48510 79.8 0.96 4773130
 35 0 0 59140 77.5 0.994 4267558
 36 0 0 72300 79.40000000000001 0.998 11210064
 37 0 0 21780 81.2 0.993 858000
 38 0 0 194800 78 0.99 10538275
 39 0 0 324300 79.5 0.99 5659715
 40 0 0 1459 61 0.7 900000
 41 0 0 495 77.5 0.9399999999999999 71293
 42 0 0 59270 73.2 0.9 10378267
 43 0 0 91410 76 0.931 15459000
 44 0 0 262000 73.2 0.8169999999999999 88311000
 45 0 0 24670 74.59999999999999 0.871 6401240
 46 0 0 17080 54 0.971 1430000
 47 0 0 3438 61.5 0.8 6738000
 48 0 0 24280 76.09999999999999 0.998 1312252
 49 0 0 47340 60.5 0.491 90076012
 50 0 0 4218 73 0.955 859178
 51 0 0 259600 81 1 5477382
 52 0 0 2739000 82.3 0.99 66109000
 53 0 0 19970 64 0.919 1751000
 54 0 0 3593000 81 0.99 80925000
 55 0 0 45550 66 0.783 27043093
 56 0 0 243300 81 0.988 10992589
 57 0 0 811 76.5 0.96 103328
 58 0 0 53900 71.5 0.834 15806675
 59 0 0 6544 55 0.52 10628972
 60 0 0 3020 70.5 0.92 746900
 61 0 0 8287 63 0.548 10911819
 62 0 0 18880 74 0.798 8725111
 63 0 0 289100 83.8 0.969 7264100
 64 0 0 130600 75 0.992 9849000
 65 0 0 14590 83.3 0.99 329100
 66 0 0 1670000 65 0.821 1269545000
 67 0 0 867500 72 0.97 255461700
 68 0 0 221800 68.5 0.89 36004552
 69 0 0 272700 82.09999999999999 0.985 8320100
 70 0 0 2068000 83.09999999999999 0.992 60788845
 71 0 0 14390 74.8 0.841 2717991
 72 0 0 5007000 84.59999999999999 0.99 126910000
 73 0 0 34080 74.59999999999999 0.966 6713736
 74 0 0 224900 68 0.998 17377800
 75 0 0 55206 60 0.906 46749000
 76 0 0 173 68 0.92 106461
 77 0 0 179500 78.2 0.944 3268431
 78 0 0 7234 69 0.993 5895100
 79 0 0 30380 74.5 0.998 1986700
 80 0 0 43490 80.5 0.9340000000000001 4104000
 81 0 0 2457 51 0.833 2120000
 82 0 0 1977 59 0.648 4503000
 83 0 0 70920 74.5 0.986 6317000
 84 0 0 5113 80.7 1 37370
 85 0 0 46710 75.90000000000001 0.997 2919306
 86 0 0 60540 82 1 537000
 87 0 0 10530 66 0.674 21842167
 88 0 0 3683 58 0.8110000000000001 16310431
 89 0 0 312400 75.7 0.954 30433000
 90 0 0 2270 77.2 0.99 341256
 91 0 0 11370 51 0.361 16259000
 92 0 0 9541 81 0.917 425384
 93 0 0 193 73.5 0.9360000000000001 56086
 94 0 0 4183 59.5 0.649 3631775
 95 0 0 11900 75.2 0.923 1261208
 96 0 0 1327000 77.2 0.9370000000000001 121005815
 97 0 0 11140 69 0.969 3012741
 98 0 0 4518 74.5 0.994 620029
 99 0 0 104800 76.51000000000001 0.761 33337529
 100 0 0 14670 52.5 0.708 25727911
 101 NA NA 12300 67.2 0.89 2113077
 102 0 NA 121 73 0.965 10084
 103 0 0 19340 69 0.751 28037904
 104 0 0 722300 81.5 0.99 16915000
 105 0 0 181100 81.7 0.99 4578437
 106 0 0 11280 74.5 0.672 6134270
 107 0 0 7304 56 0.429 19268000
 108 0 0 502000 53 0.721 183523000
 109 0 0 515800 81.90000000000001 1 5165802
 110 0 0 81950 76 0.868 4155885
 111 0 0 236500 67 0.67 189787000
 112 0 0 221 74 0.93 20901
 113 0 0 40620 77.8 0.925 3764166
 114 0 0 16100 67.5 0.634 7398500
 115 0 0 30560 74.7 0.949 7003406
 116 0 0 210300 74.7 0.964 31151643
 117 0 0 272200 73 0.95 101256700
 118 0 0 513900 77.5 0.999 38484000
 119 0 0 219300 80 0.97 10487289
 120 0 0 213100 75.5 0.965 2334029
 121 0 0 188900 74 0.983 19942642
 122 0 0 7700 60 0.748 10996891
 123 0 0 767 75.09999999999999 0.978 55000
 124 0 0 1377 75.5 0.895 185000
 125 0 0 742 76 0.96 109000
 126 0 0 705 74 0.996 187820
 127 0 0 1866 83.5 0.97 32789
 128 0 0 718500 74.3 0.904 31521418
 129 0 0 15360 64 0.511 13508715
 130 0 0 43680 74 0.992 7146759
 131 0 0 1271 74.7 0.914 89949
 132 0 0 268700 84 0.98 5469700
 133 0 0 96960 76.3 0.997 5421349
 134 0 0 46820 80 0.997 2066209
 135 0 0 1099 73 0.889 581344
 136 0 0 2372 50 0.378 11123000
 137 0 0 353900 61 0.9389999999999999 54002000
 138 0 0 1356000 82.5 0.985 46464053
 139 0 0 65120 74.7 0.977 20277597
 140 0 0 52500 63 0.8070000000000001 38435252
 141 0 0 5009 74.5 0.95 534189
 142 0 0 3807 50 0.826 1119375
 143 0 0 552000 83 0.99 9753627
 144 0 0 646200 82.8 0.99 8211700
 145 0 0 8513 68 0.998 8354000
 146 0 0 400900 74.90000000000001 0.956 64926000
 147 0 0 4299 57 0.754 7171000
 148 0 0 477 74.5 0.988 103252
 149 0 0 27130 74.8 0.991 1328019
 150 0 0 48380 74.59999999999999 0.951 10982754
 151 0 0 821800 74.40000000000001 0.983 77695904
 152 0 0 40560 66.5 0.993 4751120
 153 0 0 22600 56 0.768 34856813
 154 0 0 175500 68.25 0.998 42910885
 155 0 0 390000 79.2 0.761 9577000
 156 0 0 2490000 81 0.99 64800000
 157 0 0 16720000 79.8 0.99 320646000
 158 0 0 57110 77.3 0.976 3404189
 159 0 0 55180 68.5 0.996 30492800
 160 0 0 828 72 0.74 264652
 161 0 0 43890 64 0.8120000000000001 25956000
 162 0 0 22240 55.5 0.868 15473905
 163 0 0 10480 54 0.9419999999999999 12973808


